"Tract","Dim.1","Dim.2","Dim.3","Dim.4","Dim.5","Dim.6","Dim.7","Dim.8","Dim.9","Dim.10","Dim.11","Dim.12","Dim.13","Dim.14","Dim.15","Dim.16"
"AF_left",6.02921911664942,2.78194719397783,7.00986803589887,0.122471745740502,18.418250344234,1.91593932207047,4.61699385734924,15.4762132156772,0.334240537252692,23.4316475330778,18.5348177605137,0.0320714338764144,0.0983983652487898,0.135224594861127,0.276266095731409,0.786430847840503
"AF_right",6.73983541420395,0.0759586401408532,7.44514915570226,2.74633475066214,0.512177987062326,3.95649503120591,9.19790432972216,15.575162078758,7.1159815252006,11.2717557315185,27.5604539555265,6.11150772983416,0.996540231775847,0.264822039009739,0.370661844592992,0.0592595550840706
"ATR_left",5.93572487437252,1.9621431899692,25.3763069307805,0.00418074920271671,0.26296008676117,0.0118079166214545,0.023689550877421,9.72094897830579,12.8554264861252,0.210157823485816,1.76999649565784,15.1580403869246,24.4575791787569,1.81012171184926,0.0931186673020491,0.347796973007663
"ATR_right",5.42506414903787,4.61572304255069,23.1878357238655,0.401162561264774,0.313562154340332,9.55883321834905,0.38861957497205,7.52525453772407,2.38523627963517,9.43488771231235,9.3545784144146,11.1861871146854,15.7809819003464,0.220740285455342,0.11821592871455,0.103117402331934
"CC_genu",6.48073482861815,1.5602883314199,4.81201364487354,1.2748992980831,0.546874562527834,22.4726075434608,0.285611146803195,5.99662570113993,19.3250204127958,26.6932933348266,9.71161362759193,0.0197869480763773,0.358093716719243,0.145919307494811,0.0191765505541103,0.297441045014732
"CC_splenium",4.73252022917351,7.94631810461346,0.531296028052652,10.7985930104069,8.81694453909321,7.10453233671144,41.303168321437,10.1406829494958,5.11871071749099,0.518790518345933,0.756514693724073,0.0439418549830545,0.0329168403425354,0.141192683282978,2.00245505752375,0.0114221153228209
"CCG_left",5.24252535726162,2.94720025502312,3.29537459393919,21.7395588053191,0.797413338495756,8.46654484804934,24.8228124561865,0.108276713759517,11.3545763738729,0.417737356247684,0.378092746277252,16.6211609574034,3.01560870538089,0.631249243923239,0.00255705157358136,0.159311197286882
"CCG_right",6.0897746215643,1.48057816688656,7.46315000310353,17.480497835386,3.61765366921589,5.50657753850412,0.545202479106507,8.28881870436715e-05,8.67134090843997,2.95810836144706,2.77718005274058,40.8865935143906,2.36792161342483,0.0284484929283631,0.0822980239702305,0.0445918307044226
"CST_left",6.13100889020981,9.07672633810918,2.2614074856673,15.3588314396089,0.780940622830859,2.63302499605678,0.235068251281725,0.23404632016927,7.38178039346664,3.86745521810082,23.8589121794705,1.77637725940529,23.7233383208684,1.70973487721464,0.519683275451476,0.451664132088459
"CST_right",5.18764297638046,9.14514173222152,4.11672558419258,20.5030926086432,1.19873040230694,10.0671976659649,1.55779343359103,6.97529818161571,8.92207267376695,0.0038648026452344,0.820964868405212,1.06834282481504,27.7436961898242,2.10392045158253,0.214535117741214,0.370980486303308
"IFOF_left",8.04863694343861,4.99951318246179,1.12420271685815,0.676768959878818,17.9612490071575,0.000765372411949614,1.04914384854079,0.361558742470696,0.801814044596433,0.209277878020374,0.684870817091819,2.4092522674113,0.0785586540106972,4.47677304889556,24.3304065639734,32.787207952782
"IFOF_right",6.95346894407361,15.5863723308693,0.145011144286422,0.156979880466499,11.7137916864494,1.24975714388993,4.57020911772229,0.0479728452992852,1.59549779849082,1.28466605154505,0.738106092265582,0.971796702174864,0.0839909874070415,5.33850442520812,28.784040411397,20.7798344384547
"ILF_left",5.89457492860288,12.8980876604481,0.677397477884955,1.46946247280936,27.9732566644112,3.07692238728985,1.34629553310985,8.27480121753529,0.254056707158327,4.09141787257664,0.0649916972859919,0.361777509357445,0.0330855754188087,3.12271161319503,7.36927738384812,23.0918832990681
"ILF_right",5.96914825135846,21.8687223494591,0.169179079301861,0.224727873645733,5.70561506278474,5.07775362705821,9.85227824364252,0.451445976264686,4.84956889217506,2.88827426288779,0.145066467583394,0.290132719335386,0.177166407913356,2.62167640309138,19.764078577067,19.9451658064314
"UNC_left",7.51093321270397,1.24030756721159,8.1317868047676,3.11429300035726,0.171762727180115,11.1826332068016,0.169977213994344,6.82372119378795,2.04419641893285,7.70863094643907,2.72108109448468,0.0416198279647703,0.999082426613607,36.5535714591246,10.8713409580487,0.715061941587328
"UNC_right",7.62918726235087,1.81497191463785,4.25329559082512,3.92814500852494,1.20881714514865,7.71860784555424,0.0352326416633831,12.2879084598098,6.99047983059955,5.01003459652329,0.122759036966295,3.02141094936205,0.0530408859486205,40.6953893628833,5.18188849251034,0.0488309766917
