"Tract","PC1","PC2","PC3","PC4","PC5","PC6","PC7","PC8","PC9","PC10","PC11","PC12","PC13","PC14","PC15","PC16"
"AF_left",-0.245544682627204,0.166791702250976,-0.264761553778091,0.0349959634444462,0.42916489073821,-0.138417459956122,0.214871912016188,-0.393398185248448,0.057813539698992,0.484062470483695,-0.430520821337525,0.0179084990650848,-0.0313685137118082,0.0367728969298215,0.0525610212735073,-0.0886809363866047
"AF_right",-0.259611929891597,-0.0275605950844413,-0.272858006217561,-0.165720691244701,0.0715666114233674,-0.198909402271635,0.303280469693025,-0.394653798648359,-0.26675797129984,-0.335734355279863,0.524980513500516,-0.247214638115023,0.0998268617044454,0.0514608627026151,0.0608820042864057,-0.0243432855391524
"ATR_left",-0.243633431088029,0.14007652158621,0.503749014200331,0.00646587132776141,-0.0512796340432701,-0.0108664238006138,0.0153914102269483,-0.311784364237622,0.358544648351154,-0.045842973669453,0.133041215255192,0.38933328122477,0.494546046175246,0.134540763779951,0.0305153514320332,-0.0589743141552035
"ATR_right",-0.232917671056489,0.214842338531089,0.481537493076764,0.0633373950573256,-0.0559966208212899,0.309173627891336,0.0623393595549433,-0.274321973923419,-0.154442101760989,-0.30716262325212,-0.305852552946916,-0.334457577499529,-0.397252840145245,-0.0469830060187023,0.0343825433489946,0.0321118984695602
"CC_genu",-0.254572874215187,0.124911501929162,-0.219363024342608,0.11291143866248,-0.0739509677102223,-0.474052819245501,0.0534425997499369,0.244880087004638,0.439602324980155,-0.516655526776078,-0.311634619828926,-0.0140666087158125,-0.0598409322052425,-0.0381993857928123,0.0138479422854482,0.0545381559107687
"CC_splenium",-0.217543564123913,-0.281892144349811,-0.0728900561155397,0.328612127140903,-0.296933402282283,-0.266543286103992,-0.642675410463455,-0.318444389956798,-0.226245678798314,0.072027114224154,-0.086977853142284,-0.0209623126069273,0.0181429987440157,0.037575614869617,0.141508129007621,0.0106874296829597
"CCG_left",-0.228965616572917,0.171674117298535,-0.181531666492081,-0.466256997859755,0.0892980032529147,0.290973277949185,-0.498224973844011,0.0329054271753942,0.336965523071322,0.0646326044847091,0.0614892467247121,-0.407690580678575,0.173655080702549,-0.0794511953291604,0.00505672974716008,0.0399138067950029
"CCG_right",-0.246774687145264,0.121679010798353,-0.273187664492809,-0.418096852838981,-0.190201305705715,0.234660979681415,-0.0738378276431875,0.000910429497784818,-0.29447140622546,-0.171991521926142,-0.166648733950804,0.639426254656395,-0.153880525519795,0.0168666810393637,0.0286876321731562,-0.0211167778565819
"CST_left",-0.247608741570442,0.301276058426639,-0.150379768774503,0.391903450349814,-0.0883708448998231,0.162265985223545,-0.0484838376453148,0.0483783340111325,0.271694320762629,0.196658465825929,0.488455854499365,0.133280803546696,-0.487066097371479,0.130756830690203,-0.0720890612680922,-0.0672059619444926
"CST_right",-0.2277639781963,0.302409353893386,-0.202897155825127,0.45280340776813,-0.109486547224165,0.317288475459871,0.124811595358405,0.264107898057133,-0.298698387571258,-0.0062167536908216,-0.0906071116637768,-0.103360670702886,0.526722851125942,-0.145048972818925,0.0463179358069003,0.0609081674575182
"IFOF_left",-0.283701197449687,-0.223595911913921,0.10602842622892,0.0822659686552597,0.423807137825185,-0.00276653648439636,-0.102427723226712,0.0601297549031007,-0.0895440698537002,-0.0457468991321132,0.0827569221933621,0.15521766224922,-0.0280283167547923,-0.211583861598553,-0.493258619427714,0.572601152223622
"IFOF_right",-0.263694310596069,-0.394795799507408,-0.0380803288177009,-0.0396206865748814,-0.342254169973857,0.111792537491996,0.213780474265596,-0.0219027042392681,0.126313015896653,0.113343109695519,-0.0859131009954583,-0.0985797495520689,0.0289811986306711,-0.231052037974308,-0.536507599306823,-0.455849036836261
"ILF_left",-0.242787457019569,-0.359139076966682,0.0823041601551802,0.121221387255276,0.528897501075693,0.175411584203833,-0.116029976002318,0.287659542124632,-0.0504040382467841,-0.202272535767381,0.0254934692197809,0.0601479433860747,-0.018189440733241,0.176711958089854,0.271464129929685,-0.480540147116431
"ILF_right",-0.244318403960047,-0.467640057624013,-0.0411313845259141,-0.0474054715877538,-0.238864293329596,0.225338714540094,0.313883389870228,0.0671897295920058,0.220217367438971,0.169949235446582,-0.0380875921506458,-0.0538639693427235,-0.0420911401500786,0.161915916545946,0.444568089015248,0.446600109789858
"UNC_left",-0.274060818299588,0.111369096575827,0.28516287985584,-0.176473595768808,-0.0414442670559048,-0.334404443852075,0.0412282929545165,0.26122253336548,-0.142975397146952,0.277644213813994,0.164956997259428,0.0204009382050852,-0.0999541108015877,-0.604595496668017,0.329717166038542,-0.0845613352299576
"UNC_right",-0.276209834407663,0.134720893503489,0.206235195609894,-0.198195484522855,-0.109946220723982,-0.277823826292027,0.018770360056052,0.350541131107461,-0.264395155602359,0.223831065683995,-0.0350369857388296,-0.17382206273549,0.0230306070151485,0.637929379813184,-0.227637617552775,0.0220977321668311
